1332260066|554|1635677999|1635677999
1332350498|554|1635677999|1635677999
1332292329|554|1635677999|1635677999
1332267165|554|1635677999|1635677999
1301244634|554|1635677999|1635677999
1332255088|554|1635677999|1635677999
1332321238|554|1635677999|1635677999
1332298448|554|1635677999|1635677999
1332315980|554|1635677999|1635677999
1332297875|554|1635677999|1635677999
1332365716|554|1635677999|1635677999
1332317582|554|1635677999|1635677999
1332290345|554|1635677999|1635677999
1332265532|554|1635677999|1635677999
